1
1
2
3
5
8
13
21
34
55
89
144
233
377
610
987
1597
2584
4181
6765
10946
17711
28657
46368
75025
121393
196418
317811
514229
832040
1346269
2178309
3524578
5702887
9227465
14930352
24157817
39088169
63245986
102334155
165580141
267914296
433494437
701408733
1134903170
1836311903
2971215073
4807526976
7778742049
12586269025
20365011074
32951280099
53316291173
86267571272
139583862445
225851433717
365435296162
591286729879
956722026041
1548008755920
2504730781961
4052739537881
6557470319842
10610209857723
17167680177565
27777890035288
44945570212853
72723460248141
117669030460994
190392490709135
308061521170129
498454011879264
806515533049393
1304969544928657
2111485077978050
3416454622906707
5527939700884757
8944394323791464
14472334024676221
23416728348467685
37889062373143906
61305790721611591
99194853094755497
160500643816367088
259695496911122585
420196140727489673
679891637638612258
1100087778366101931
1779979416004714189
2880067194370816120
4660046610375530309
7540113804746346429
12200160415121876738
19740274219868223167
31940434634990099905
51680708854858323072
83621143489848422977
135301852344706746049
218922995834555169026
354224848179261915075
573147844013817084101
927372692193078999176
1500520536206896083277
2427893228399975082453
3928413764606871165730
6356306993006846248183
10284720757613717413913
16641027750620563662096
26925748508234281076009
43566776258854844738105
70492524767089125814114
114059301025943970552219
184551825793033096366333
298611126818977066918552
483162952612010163284885
781774079430987230203437
1264937032042997393488322
2046711111473984623691759
3311648143516982017180081
5358359254990966640871840
8670007398507948658051921
14028366653498915298923761
22698374052006863956975682
36726740705505779255899443
59425114757512643212875125
96151855463018422468774568
155576970220531065681649693
251728825683549488150424261
407305795904080553832073954
659034621587630041982498215
1066340417491710595814572169
1725375039079340637797070384
2791715456571051233611642553
4517090495650391871408712937
7308805952221443105020355490
11825896447871834976429068427
19134702400093278081449423917
30960598847965113057878492344
50095301248058391139327916261
81055900096023504197206408605
131151201344081895336534324866
212207101440105399533740733471
343358302784187294870275058337
555565404224292694404015791808
898923707008479989274290850145
1454489111232772683678306641953
2353412818241252672952597492098
3807901929474025356630904134051
6161314747715278029583501626149
9969216677189303386214405760200
16130531424904581415797907386349
26099748102093884802012313146549
42230279526998466217810220532898
68330027629092351019822533679447
110560307156090817237632754212345
178890334785183168257455287891792
289450641941273985495088042104137
468340976726457153752543329995929
757791618667731139247631372100066
1226132595394188293000174702095995
1983924214061919432247806074196061
3210056809456107725247980776292056
5193981023518027157495786850488117
8404037832974134882743767626780173
13598018856492162040239554477268290
22002056689466296922983322104048463
35600075545958458963222876581316753
57602132235424755886206198685365216
93202207781383214849429075266681969
150804340016807970735635273952047185
244006547798191185585064349218729154
394810887814999156320699623170776339
638817435613190341905763972389505493
1033628323428189498226463595560281832
1672445759041379840132227567949787325
2706074082469569338358691163510069157
4378519841510949178490918731459856482
7084593923980518516849609894969925639
11463113765491467695340528626429782121
18547707689471986212190138521399707760
30010821454963453907530667147829489881
48558529144435440119720805669229197641
78569350599398894027251472817058687522
127127879743834334146972278486287885163
205697230343233228174223751303346572685
332825110087067562321196029789634457848
538522340430300790495419781092981030533
871347450517368352816615810882615488381
1409869790947669143312035591975596518914
2281217241465037496128651402858212007295
3691087032412706639440686994833808526209
5972304273877744135569338397692020533504
9663391306290450775010025392525829059713
15635695580168194910579363790217849593217
25299086886458645685589389182743678652930
40934782466626840596168752972961528246147
66233869353085486281758142155705206899077
107168651819712326877926895128666735145224
173402521172797813159685037284371942044301
280571172992510140037611932413038677189525
453973694165307953197296969697410619233826
734544867157818093234908902110449296423351
1188518561323126046432205871807859915657177
1923063428480944139667114773918309212080528
3111581989804070186099320645726169127737705
5034645418285014325766435419644478339818233
8146227408089084511865756065370647467555938
13180872826374098837632191485015125807374171
21327100234463183349497947550385773274930109
34507973060837282187130139035400899082304280
55835073295300465536628086585786672357234389
90343046356137747723758225621187571439538669
146178119651438213260386312206974243796773058
236521166007575960984144537828161815236311727
382699285659014174244530850035136059033084785
619220451666590135228675387863297874269396512
1001919737325604309473206237898433933302481297
1621140188992194444701881625761731807571877809
2623059926317798754175087863660165740874359106
4244200115309993198876969489421897548446236915
6867260041627791953052057353082063289320596021
11111460156937785151929026842503960837766832936
17978720198565577104981084195586024127087428957
29090180355503362256910111038089984964854261893
47068900554068939361891195233676009091941690850
76159080909572301618801306271765994056795952743
123227981463641240980692501505442003148737643593
199387062373213542599493807777207997205533596336
322615043836854783580186309282650000354271239929
522002106210068326179680117059857997559804836265
844617150046923109759866426342507997914076076194
1366619256256991435939546543402365995473880912459
2211236406303914545699412969744873993387956988653
3577855662560905981638959513147239988861837901112
5789092068864820527338372482892113982249794889765
9366947731425726508977331996039353971111632790877
15156039800290547036315704478931467953361427680642
24522987531716273545293036474970821924473060471519
39679027332006820581608740953902289877834488152161
64202014863723094126901777428873111802307548623680
103881042195729914708510518382775401680142036775841
168083057059453008835412295811648513482449585399521
271964099255182923543922814194423915162591622175362
440047156314635932379335110006072428645041207574883
712011255569818855923257924200496343807632829750245
1152058411884454788302593034206568772452674037325128
1864069667454273644225850958407065116260306867075373
3016128079338728432528443992613633888712980904400501
4880197746793002076754294951020699004973287771475874
7896325826131730509282738943634332893686268675876375
12776523572924732586037033894655031898659556447352249
20672849399056463095319772838289364792345825123228624
33449372971981195681356806732944396691005381570580873
54122222371037658776676579571233761483351206693809497
87571595343018854458033386304178158174356588264390370
141693817714056513234709965875411919657707794958199867
229265413057075367692743352179590077832064383222590237
370959230771131880927453318055001997489772178180790104
600224643828207248620196670234592075321836561403380341
971183874599339129547649988289594072811608739584170445
1571408518427546378167846658524186148133445300987550786
2542592393026885507715496646813780220945054040571721231
4114000911454431885883343305337966369078499341559272017
6656593304481317393598839952151746590023553382130993248
10770594215935749279482183257489712959102052723690265265
17427187520417066673081023209641459549125606105821258513
28197781736352815952563206467131172508227658829511523778
45624969256769882625644229676772632057353264935332782291
73822750993122698578207436143903804565580923764844306069
119447720249892581203851665820676436622934188700177088360
193270471243015279782059101964580241188515112465021394429
312718191492907860985910767785256677811449301165198482789
505988662735923140767969869749836918999964413630219877218
818706854228831001753880637535093596811413714795418360007
1324695516964754142521850507284930515811378128425638237225
2143402371193585144275731144820024112622791843221056597232
3468097888158339286797581652104954628434169971646694834457
5611500259351924431073312796924978741056961814867751431689
9079598147510263717870894449029933369491131786514446266146
14691098406862188148944207245954912110548093601382197697835
23770696554372451866815101694984845480039225387896643963981
38461794961234640015759308940939757590587318989278841661816
62232491515607091882574410635924603070626544377175485625797
100694286476841731898333719576864360661213863366454327287613
162926777992448823780908130212788963731840407743629812913410
263621064469290555679241849789653324393054271110084140201023
426547842461739379460149980002442288124894678853713953114433
690168906931029935139391829792095612517948949963798093315456
1116716749392769314599541809794537900642843628817512046429889
1806885656323799249738933639586633513160792578781310139745345
2923602405716568564338475449381171413803636207598822186175234
4730488062040367814077409088967804926964428786380132325920579
7654090467756936378415884538348976340768064993978954512095813
12384578529797304192493293627316781267732493780359086838016392
20038668997554240570909178165665757608500558774338041350112205
32423247527351544763402471792982538876233052554697128188128597
52461916524905785334311649958648296484733611329035169538240802
84885164052257330097714121751630835360966663883732297726369399
137347080577163115432025771710279131845700275212767467264610201
222232244629420445529739893461909967206666939096499764990979600
359579325206583560961765665172189099052367214309267232255589801
581811569836004006491505558634099066259034153405766997246569401
941390895042587567453271223806288165311401367715034229502159202
1523202464878591573944776782440387231570435521120801226748728603
2464593359921179141398048006246675396881836888835835456250887805
3987795824799770715342824788687062628452272409956636682999616408
6452389184720949856740872794933738025334109298792472139250504213
10440185009520720572083697583620800653786381708749108822250120621
16892574194241670428824570378554538679120491007541580961500624834
27332759203762391000908267962175339332906872716290689783750745455
44225333398004061429732838340729878012027363723832270745251370289
71558092601766452430641106302905217344934236440122960529002115744
115783425999770513860373944643635095356961600163955231274253486033
187341518601536966291015050946540312701895836604078191803255601777
303124944601307480151388995590175408058857436768033423077509087810
490466463202844446442404046536715720760753273372111614880764689587
793591407804151926593793042126891128819610710140145037958273777397
1284057871006996373036197088663606849580363983512256652839038466984
2077649278811148299629990130790497978399974693652401690797312244381
3361707149818144672666187219454104827980338677164658343636350711365
5439356428629292972296177350244602806380313370817060034433662955746
8801063578447437644962364569698707634360652047981718378070013667111
14240420007076730617258541919943310440740965418798778412503676622857
23041483585524168262220906489642018075101617466780496790573690289968
37281903592600898879479448409585328515842582885579275203077366912825
60323387178125067141700354899227346590944200352359771993651057202793
97605290770725966021179803308812675106786783237939047196728424115618
157928677948851033162880158208040021697730983590298819190379481318411
255533968719576999184059961516852696804517766828237866387107905434029
413462646668428032346940119724892718502248750418536685577487386752440
668996615388005031531000081241745415306766517246774551964595292186469
1082459262056433063877940200966638133809015267665311237542082678938909
1751455877444438095408940282208383549115781784912085789506677971125378
2833915139500871159286880483175021682924797052577397027048760650064287
4585371016945309254695820765383405232040578837489482816555438621189665
7419286156446180413982701248558426914965375890066879843604199271253952
12004657173391489668678522013941832147005954727556362660159637892443617
19423943329837670082661223262500259061971330617623242503763837163697569
31428600503229159751339745276442091208977285345179605163923475056141186
50852543833066829834000968538942350270948615962802847667687312219838755
82281144336295989585340713815384441479925901307982452831610787275979941
133133688169362819419341682354326791750874517270785300499298099495818696
215414832505658809004682396169711233230800418578767753330908886771798637
348548520675021628424024078524038024981674935849553053830206986267617333
563963353180680437428706474693749258212475354428320807161115873039415970
912511873855702065852730553217787283194150290277873860991322859307033303
1476475227036382503281437027911536541406625644706194668152438732346449273
2388987100892084569134167581129323824600775934984068529143761591653482576
3865462327928467072415604609040860366007401579690263197296200323999931849
6254449428820551641549772190170184190608177514674331726439961915653414425
10119911756749018713965376799211044556615579094364594923736162239653346274
16374361185569570355515148989381228747223756609038926650176124155306760699
26494272942318589069480525788592273303839335703403521573912286394960106973
42868634127888159424995674777973502051063092312442448224088410550266867672
69362907070206748494476200566565775354902428015845969798000696945226974645
112231541198094907919471875344539277405965520328288418022089107495493842317
181594448268301656413948075911105052760867948344134387820089804440720816962
293825989466396564333419951255644330166833468672422805842178911936214659279
475420437734698220747368027166749382927701417016557193662268716376935476241
769246427201094785080787978422393713094534885688979999504447628313150135520
1244666864935793005828156005589143096022236302705537193166716344690085611761
2013913292136887790908943984011536809116771188394517192671163973003235747281
3258580157072680796737099989600679905139007491100054385837880317693321359042
5272493449209568587646043973612216714255778679494571578509044290696557106323
8531073606282249384383143963212896619394786170594625964346924608389878465365
13803567055491817972029187936825113333650564850089197542855968899086435571688
22334640661774067356412331900038009953045351020683823507202893507476314037053
36138207717265885328441519836863123286695915870773021050058862406562749608741
58472848379039952684853851736901133239741266891456844557261755914039063645794
94611056096305838013295371573764256526437182762229865607320618320601813254535
153083904475345790698149223310665389766178449653686710164582374234640876900329
247694960571651628711444594884429646292615632415916575771902992555242690154864
400778865046997419409593818195095036058794082069603285936485366789883567055193
648473825618649048121038413079524682351409714485519861708388359345126257210057
1049252690665646467530632231274619718410203796555123147644873726135009824265250
1697726516284295515651670644354144400761613511040643009353262085480136081475307
2746979206949941983182302875628764119171817307595766156998135811615145905740557
4444705723234237498833973519982908519933430818636409166351397897095281987215864
7191684930184179482016276395611672639105248126232175323349533708710427892956421
11636390653418416980850249915594581159038678944868584489700931605805709880172285
18828075583602596462866526311206253798143927071100759813050465314516137773128706
30464466237021013443716776226800834957182606015969344302751396920321847653300991
49292541820623609906583302538007088755326533087070104115801862234837985426429697
79757008057644623350300078764807923712509139103039448418553259155159833079730688
129049549878268233256883381302815012467835672190109552534355121389997818506160385
208806557935912856607183460067622936180344811293149000952908380545157651585891073
337856107814181089864066841370437948648180483483258553487263501935155470092051458
546662665750093946471250301438060884828525294776407554440171882480313121677942531
884518773564275036335317142808498833476705778259666107927435384415468591769993989
1431181439314368982806567444246559718305231073036073662367607266895781713447936520
2315700212878644019141884587055058551781936851295739770295042651311250305217930509
3746881652193013001948452031301618270087167924331813432662649918207032018665867029
6062581865071657021090336618356676821869104775627553202957692569518282323883797538
9809463517264670023038788649658295091956272699959366635620342487725314342549664567
15872045382336327044129125268014971913825377475586919838578035057243596666433462105
25681508899600997067167913917673267005781650175546286474198377544968911008983126672
41553554281937324111297039185688238919607027651133206312776412602212507675416588777
67235063181538321178464953103361505925388677826679492786974790147181418684399715449
108788617463475645289761992289049744844995705477812699099751202749393926359816304226
176023680645013966468226945392411250770384383304492191886725992896575345044216019675
284812298108489611757988937681460995615380088782304890986477195645969271404032323901
460835978753503578226215883073872246385764472086797082873203188542544616448248343576
745648276861993189984204820755333242001144560869101973859680384188513887852280667477
1206484255615496768210420703829205488386909032955899056732883572731058504300529011053
1952132532477489958194625524584538730388053593825001030592563956919572392152809678530
3158616788092986726405046228413744218774962626780900087325447529650630896453338689583
5110749320570476684599671752998282949163016220605901117918011486570203288606148368113
8269366108663463411004717981412027167937978847386801205243459016220834185059487057696
13380115429233940095604389734410310117100995067992702323161470502791037473665635425809
21649481537897403506609107715822337285038973915379503528404929519011871658725122483505
35029596967131343602213497450232647402139968983372205851566400021802909132390757909314
56679078505028747108822605166054984687178942898751709379971329540814780791115880392819
91708675472160090711036102616287632089318911882123915231537729562617689923506638302133
148387753977188837819858707782342616776497854780875624611509059103432470714622518694952
240096429449348928530894810398630248865816766662999539843046788666050160638129156997085
388484183426537766350753518180972865642314621443875164454555847769482631352751675692037
628580612875886694881648328579603114508131388106874704297602636435532791990880832689122
1017064796302424461232401846760575980150446009550749868752158484205015423343632508381159
1645645409178311156114050175340179094658577397657624573049761120640548215334513341070281
2662710205480735617346452022100755074809023407208374441801919604845563638678145849451440
4308355614659046773460502197440934169467600804865999014851680725486111854012659190521721
6971065820139782390806954219541689244276624212074373456653600330331675492690805039973161
11279421434798829164267456416982623413744225016940372471505281055817787346703464230494882
18250487254938611555074410636524312658020849229014745928158881386149462839394269270468043
29529908689737440719341867053506936071765074245955118399664162441967250186097733500962925
47780395944676052274416277690031248729785923474969864327823043828116713025492002771430968
77310304634413492993758144743538184801550997720924982727487206270083963211589736272393893
125090700579089545268174422433569433531336921195894847055310250098200676237081739043824861
202401005213503038261932567177107618332887918916819829782797456368284639448671475316218754
327491705792592583530106989610677051864224840112714676838107706466485315685753214360043615
529892711006095621792039556787784670197112759029534506620905162834769955134424689676262369
857384416798688205322146546398461722061337599142249183459012869301255270820177904036305984
1387277127804783827114186103186246392258450358171783690079918032136025225954602593712568353
2244661544603472032436332649584708114319787957314032873538930901437280496774780497748874337
3631938672408255859550518752770954506578238315485816563618848933573305722729383091461442690
5876600217011727891986851402355662620898026272799849437157779835010586219504163589210317027
9508538889419983751537370155126617127476264588285666000776628768583891942233546680671759717
15385139106431711643524221557482279748374290861085515437934408603594478161737710269882076744
24893677995851695395061591712608896875850555449371181438711037372178370103971256950553836461
40278817102283407038585813270091176624224846310456696876645445975772848265708967220435913205
65172495098135102433647404982700073500075401759827878315356483347951218369680224170989749666
105451312200418509472233218252791250124300248070284575192001929323724066635389191391425662871
170623807298553611905880623235491323624375649830112453507358412671675285005069415562415412537
276075119498972121378113841488282573748675897900397028699360341995399351640458606953841075408
446698926797525733283994464723773897373051547730509482206718754667074636645528022516256487945
722774046296497854662108306212056471121727445630906510906079096662473988285986629470097563353
1169472973094023587946102770935830368494778993361415993112797851329548624931514651986354051298
1892247019390521442608211077147886839616506438992322504018876947992022613217501281456451614651
3061719992484545030554313848083717208111285432353738497131674799321571238149015933442805665949
4953967011875066473162524925231604047727791871346061001150551747313593851366517214899257280600
8015687004359611503716838773315321255839077303699799498282226546635165089515533148342062946549
12969654016234677976879363698546925303566869175045860499432778293948758940882050363241320227149
20985341020594289480596202471862246559405946478745659997715004840583924030397583511583383173698
33954995036828967457475566170409171862972815653791520497147783134532682971279633874824703400847
54940336057423256938071768642271418422378762132537180494862787975116607001677217386408086574545
88895331094252224395547334812680590285351577786328700992010571109649289972956851261232789975392
143835667151675481333619103454952008707730339918865881486873359084765896974634068647640876549937
232730998245927705729166438267632598993081917705194582478883930194415186947590919908873666525329
376566665397603187062785541722584607700812257624060463965757289279181083922224988556514543075266
609297663643530892791951979990217206693894175329255046444641219473596270869815908465388209600595
985864329041134079854737521712801814394706432953315510410398508752777354792040897021902752675861
1595161992684664972646689501703019021088600608282570556855039728226373625661856805487290962276456
2581026321725799052501427023415820835483307041235886067265438236979150980453897702509193714952317
4176188314410464025148116525118839856571907649518456624120477965205524606115754507996484677228773
6757214636136263077649543548534660692055214690754342691385916202184675586569652210505678392181090
10933402950546727102797660073653500548627122340272799315506394167390200192685406718502163069409863
17690617586682990180447203622188161240682337031027142006892310369574875779255058929007841461590953
28624020537229717283244863695841661789309459371299941322398704536965075971940465647510004531000816
46314638123912707463692067318029823029991796402327083329291014906539951751195524576517845992591769
74938658661142424746936931013871484819301255773627024651689719443505027723135990224027850523592585
121253296785055132210628998331901307849293052175954107980980734350044979474331514800545696516184354
196191955446197556957565929345772792668594307949581132632670453793550007197467505024573547039776939
317445252231252689168194927677674100517887360125535240613651188143594986671799019825119243555961293
513637207677450246125760857023446893186481668075116373246321641937144993869266524849692790595738232
831082459908702935293955784701120993704369028200651613859972830080739980541065544674812034151699525
1344719667586153181419716641724567886890850696275767987106294472017884974410332069524504824747437757
2175802127494856116713672426425688880595219724476419600966267302098624954951397614199316858899137282
3520521795081009298133389068150256767486070420752187588072561774116509929361729683723821683646575039
5696323922575865414847061494575945648081290145228607189038829076215134884313127297923138542545712321
9216845717656874712980450562726202415567360565980794777111390850331644813674856981646960226192287360
14913169640232740127827512057302148063648650711209401966150219926546779697987984279570098768737999681
24130015357889614840807962620028350479216011277190196743261610776878424511662841261217058994930287041
39043184998122354968635474677330498542864661988399598709411830703425204209650825540787157763668286722
63173200356011969809443437297358849022080673265589795452673441480303628721313666802004216758598573763
102216385354134324778078911974689347564945335253989394162085272183728832930964492342791374522266860485
165389585710146294587522349272048196587026008519579189614758713664032461652278159144795591280865434248
267605971064280619365601261246737544151971343773568583776843985847761294583242651487586965803132294733
432995556774426913953123610518785740738997352293147773391602699511793756235520810632382557083997728981
700601527838707533318724871765523284890968696066716357168446685359555050818763462119969522887130023714
1133597084613134447271848482284309025629966048359864130560049384871348807054284272752352079971127752695
1834198612451841980590573354049832310520934744426580487728496070230903857873047734872321602858257776409
2967795697064976427862421836334141336150900792786444618288545455102252664927332007624673682829385529104
4801994309516818408452995190383973646671835537213025106017041525333156522800379742496995285687643305513
7769790006581794836315417026718114982822736329999469724305586980435409187727711750121668968517028834617
12571784316098613244768412217102088629494571867212494830322628505768565710528091492618664254204672140130
20341574322680408081083829243820203612317308197211964554628215486203974898255803242740333222721700974747
32913358638779021325852241460922292241811880064424459384950843991972540608783894735358997476926373114877
53254932961459429406936070704742495854129188261636423939579059478176515507039697978099330699648074089624
86168291600238450732788312165664788095941068326060883324529903470149056115823592713458328176574447204501
139423224561697880139724382870407283950070256587697307264108962948325571622863290691557658876222521294125
225591516161936330872512695036072072046011324913758190588638866418474627738686883405015987052796968498626
365014740723634211012237077906479355996081581501455497852747829366800199361550174096573645929019489792751
590606256885570541884749772942551428042092906415213688441386695785274827100237057501589632981816458291377
955620997609204752896986850849030784038174487916669186294134525152075026461787231598163278910835948084128
1546227254494775294781736623791582212080267394331882874735521220937349853562024289099752911892652406375505
2501848252103980047678723474640612996118441882248552061029655746089424880023811520697916190803488354459633
4048075506598755342460460098432195208198709276580434935765176967026774733585835809797669102696140760835138
6549923758702735390139183573072808204317151158828986996794832713116199613609647330495585293499629115294771
10597999265301490732599643671505003412515860435409421932560009680142974347195483140293254396195769876129909
17147923024004226122738827244577811616833011594238408929354842393259173960805130470788839689695398991424680
27745922289305716855338470916082815029348872029647830861914852073402148308000613611082094085891168867554589
44893845313309942978077298160660626646181883623886239791269694466661322268805744081870933775586567858979269
72639767602615659833415769076743441675530755653534070653184546540063470576806357692953027861477736726533858
















































12186120053215401266088089750036680129447500839931526579142040485499190586947405129163013717701749148064044

19717556437089196581097595986132868777484357362710277396538804282697604657932286856665006090315514324457397

31903676490304597847185685736169548906931858202641803975680844768196795244879691985828019808017263472521442

51621232927393794428283281722302417684416215565352081372219649050894399902811978842493025898332777796978839

83524909417698392275468967458471966591348073767993885347900493819091195147691670828321045706350041269500281

13514614234509218670375224918077438427576428933334596672012014286998559505050364967081407160468281906647912

21867105176279057897922121663924635086711236310133985206802063668907679019819532049913511731103286033597940

35381719410788276568297346582002073514287665243468581878814077955906238524869897016994918891571567940245852

57248824587067334466219468245926708600998901553602567085616141624813917544689429066908430622674853973843792

92630543997855611034516814827928782115286566797071148964430219580720156069559326083903349514246421914089645

14987936858492294550073628307385549071628546835067371605004636120553407361424875515081178013692127588793343

24250991258277855653525309790178427283157203514774486501447658078625422968380808123471512965116769780202308

39238928116770150203598938097563976354785750349841858106452294199178830329805683638552690978808897368995652

63489919375048005857124247887742403637942953864616344607899952277804253298186491762024203943925667149197960

10272884749181815606072318598530637999272870421445820271435224647698308362799217540057689492273456451819361

16621876686686616191784743387304878363067165807907454732225219875478733692617866716260109886666023166739157

26894761435868431797857061985835516362340036229353275003660444523177042055417084256317799378939479618558518

43516638122555047989641805373140394725407202037260729735885664398655775748034950972577909265605502785297675

70411399558423479787498867358975911087747238266614004739546108921832817803452035228895708644544982403856194

11392803768097852777714067273211630581315444030387473447543177332048859355148698620147361791015048518915387

18433943723940200756463954009109221690090167857048873921497788224232141135493902143036932655469546759301006

29826747492038053534178021282320852271405611887436347369040965556281000490642600763184294446484595278216393

48260691215978254290641975291430073961495779744485221290538753780513141626136502906221227101954142037517399

78087438708016307824819996573750926232901391631921568659579719336794142116779103669405521548438737315733793

12634812992399456211546197186518100019439717137640678995011847311730728374291560657562674865039287935325119

20443556863201086994028196843893192642729856300832835860969819245410142585969471024503227019883161666898498

33078369855600543205574394030411292662169573438473514855981666557140870960261031682065901884922449602223618

53521926718801630199602590874304485304899429739306350716951485802551013546230502706569128904805611269122116

86600296574402173405176984904715777967069003177779865572933152359691884506491534388635030789728060871345734

14012222329320380360477957577902026327196843291708621628988463816224289805272203709520415969453367214046785

22672251986760597700995656068373604123903743609486608186281779052193478255921357148383919048426173301181358

36684474316080978061473613646275630451100586901195229815270242868417768061193560857904335017879540515228143

59356726302841575762469269714649234575004330510681838001552021920611246317114918006288254066305713816409502

96041200618922553823942883360924865026104917411877067816822264789029014378308478864192589084185254331637646

15539792692176412958641215307557409960110924792255890581837428670964026069542339687048084315049096814804714

25143912754068668341035503643649896462721416533443597363519655149866927507373187573467343223467622247968479

40683705446245081299676718951207306422832341325699487945357083820830953576915527260515427538516719062773194

65827618200313749640712222594857202885553757859143085308876738970697881084288714833982770761984341310741673

10651132364655883094038894154606450930838609918484257325423382279152883466120424209449819830050106037351486

17233894184687258058110116414092171219393985704398565856311056176222671574549295692848096906248540168425654

27885026549343141152149010568698622150232595622882823181734438455375555040669719902297916736298646205777141

45118920734030399210259126982790793369626581327281389038045494631598226615219015595146013642547186374202795

73003947283373540362408137551489415519859176950164212219779933086973781655888735497443930378845832579979936

11812286801740393957266726453428020888948575827744560125782542771857200827110775109258994402139301895418273

19112681530077747993507540208576962440934493522760981347760536080554578992699648659003387440023885153416266

30924968331818141950774266662004983329883069350505541473543078852411779819810423768262381842163187048834539

50037649861895889944281806870581945770817562873266522821303614932966358812510072427265769282187072202250806

80962618193714031895056073532586929100700632223772064294846693785378138632320496195528151124350259251085346

13100026805560992183933788040316887487151819509703858711615030871834449744483056862279392040653733145333615

21196288624932395373439395393575580397221882732081065141099700250372263607715106481832207153088759070442149

34296315430493387557373183433892467884373702241784923852714731122206713352198163344111599193742492215775765

55492604055425782930812578827468048281595584973865988993814431372578976959913269825943806346831251286217915

89788919485919170488185762261360516165969287215650912846529162494785690312111433170055405540573743501993680

14528152354134495341899834108882856444756487218951690184034359386736466727202470299599921188740499478821159

23507044302726412390718410335018908061353415940516781468687275636215035758413613616605461742797873829020527

38035196656860907732618244443901764506109903159468471652721635022951502485616083916205382931538373307841687

61542240959587320123336654778920672567463319099985253121408910659166538244029697532810844674336247136862214

99577437616448227855954899222822437073573222259453724774130545682118040729645781449016227605874620444703902

16111967857603554797929155400174310964103654135943897789553945634128457897367547898182707228021086758156611

26069711619248377583524645322456554671460976361889270266967000202340261970332126043084329988608548802627001

42181679476851932381453800722630865635564630497833168056520945836468719867699673941267037216629635560783613

68251391096100309964978446045087420307025606859722438323487946038808981838031799984351367205238184363410615

11043307057295224234643224676771828594259023735755560638000889187527770170573147392561840442186781992419422

17868446166905255231141069281280570624961584421727804470349683791408668354376327390996977162710600428760484

28911753224200479465784293958052399219220608157483365108350572978936438524949474783558817604897382421179907

46780199391105734696925363239332969844182192579211169578700256770345106879325802174555794767607982849940391

75691952615306214162709657197385369063402800736694534687050829749281545404275276958114612372505365271120299

12247215200641194885963502043671833890758499331590570426575108651962665228360107913267040714011334812106069

19816410462171816302234467763410370797098779405260023895280191626890819768787635609078501951261871339218099

32063625662813011188197969807082204687857278736850594321855300278853484997147743522345542665273206151324168

51880036124984827490432437570492575484956058142110618217135491905744304765935379131424044616535077490542267

83943661787797838678630407377574780172813336878961212538990792184597789763083122653769587281808283641866435

13582369791278266616906284494806735565776939502107183075612628409034209452901850178519363189834336113240870

21976735970058050484769325232564213583058273190003304329511707627493988429210162443896321918015164477427513

35559105761336317101675609727370949148835212692110487405124336036528197882112012622415685107849500590668384

57535841731394367586444934959935162731893485882113791734636043664022186311322175066312007025864665068095897

93094947492730684688120544687306111880728698574224279139760379700550384193434187688727692133714165658764281

15063078922412505227456547964724127461262218445633807087439642336457257050475636275503969915957883072686017

24372573671685573696268602433454738649335088303056235001415680306512295469819055044376739129329299638562446

39435652594098078923725150398178866110597306748690042088855322642969552520294691319880709045287182711248464

63808226265783652619993752831633604759932395051746277090271002949481847990113746364257448174616482349810910

10324387885988173154371890322981247087052970180043631917912632559245140051040843768413815721990366506105937

16705210512566538416371265606144607563046209685218259626939732854193324850052218404839560539452014741087028

27029598398554711570743155929125854650099179865261891544852365413438464901093062173253376261442381247192965

43734808911121249987114421535270462213145389550480151171792098267631789751145280578092936800894395988279994

70764407309675961557857577464396316863244569415742042716644463681070254652238342751346313062336777235472960

11449921622079721154497199899966677907638995896622219388843656194870204440338362332943924986323117322375295

18526362353047317310282957646406309593963452838196423660508102562977229905562196608078556292556795045922591

29976283975127038464780157546372987501602448734818643049351758757847434345900558941022481278879912368297886

48502646328174355775063115192779297095565901573015066709859861320824664251462755549101037571436707414220478

78478930303301394239843272739152284597168350307833709759211620078672098597363314490123518850316619782518365

12698157663147575001490638793193158169273425188084877646907148139949676284882607003922455642175332719673884

20546050693477714425474966067108386628990260218868248622828310147816886144618938452934807527206994697925720

33244208356625289426965604860301544798263685406953126269735458287766562429501545456857263169382327417599605

53790259050103003852440570927409931427253945625821374892563768435583448574120483909792070696589322115525326

87034467406728293279406175787711476225517631032774501162299226723350011003622029366649333865971649533124931

14082472645683129713184674671512140765277157665859587605486299515893345957774251327644140456256097164865025

22785919386355959041125292250283288387828920769137037721716222188228347058136454264309073842853262118177518

36868392032039088754309966921795429153106078434996625327202521704121693015910705591953214299109359283042544

59654311418395047795435259172078717540934999204133663048918743892350040074047159856262288141962621401220063

96522703450434136549745226093874146694041077639130288376121265596471733089957865448215502441071980684262608

15617701486882918434518048526595286423497607684326395142504000948882177316400502530447779058303460208548267

25269971831926332089492571135982701092901715448239423980116127508529350625396289075269329302410658276974528

40887673318809250524010619662577987516399323132565819122620128457411527941796791605717108360714118485522795

66157645150735582613503190798560688609301038580805243102736255965940878567193080680986437663124776762497323

10704531846954483313751381046113867612570036171337106222535638442335240650898987228670354602383889524802011

17320296362028041575101700125969936473500140029417630532809264038929328507618295296768998368696367201051744

28024828208982524888853081172083804086070176200754736755344902481264569158517282525439352971080256725853756

45345124571010566463954781298053740559570316230172367288154166520193897666135577822208351339776623926905500

73369952779993091352807862470137544645640492430927104043499069001458466824652860347647704310856880652759256

11871507735100365781676264376819128520521080866109947133165323552165236449078843816985605565063350457966475

19208503013099674916957050623832882985085130109202657537515230452311083131544129851750375996149038523242401

31080010748200040698633315000652011505606210975312604670680554004476319580622973668735981561212388981208876

50288513761299715615590365624484894490691341084515262208195784456787402712167103520486357557361427504451278

81368524509499756314223680625136905996297552059827866878876338461263722292790077189222339118573816485660155

13165703827079947192981404624962180048698889314434312908707212291805112500495718070970869667593524399011143

21302556278029922824403772687475870648328644520417099596594846137931484729774725789893103579450906047577158

34468260105109870017385177312438050697027533834851412505302058429736597230270443860863973247044430446588302

55770816383139792841788949999913921345356178355268512101896904567668081960045169650757076826495336494165460

90239076488249662859174127312351972042383712190119924607198962997404679190315613511621050073539766940753763

14600989287138945570096307731226589338773989054538843670909586756507276115036078316237812690003510343491922

23624896935963911856013720462461786543012360273550836131629483056247744034067639667399917697357487037567298

38225886223102857426110028193688375881786349328089679802539069812755020149103717983637730387360997381059221

61850783159066769282123748656150162424798709601640515934168552869002764183171357651037648084718484418626519

10007666938216962670823377684983853830658505892973019573670762268175778433227507563467537847207948179968574

16192745254123639599035752550598870073138376853137071167087617555076054851544643328571302655679796621831226

26200412192340602269859130235582723903796882746110090740758379823251833284772150892038840502887744801799800

42393157446464241868894882786181593976935259599247161907845997378327888136316794220610143158567541423631026

68593569638804844138754013021764317880732142345357252648604377201579721421088945112648983661455286225430826

11098672708526908600764889580794591185766740194460441455645037457990760955740573933325912682002282764906185

17958029672407393014640290882971022973839954428996166720505475178148733097849468444590811048147811387449267

29056702380934301615405180463765614159606694623456608176150512636139494053590042377916723730150094152355453

47014732053341694630045471346736637133446649052452774896655987814288227151439510822507534778297905539804721

76071434434275996245450651810502251293053343675909383072806500450427721205029553200424258508447999692160174

12308616648761769087549612315723888842649999272836215796946248826471594835646906402293179328674590523196489

19915760092189368712094677496774113971955333640427154104226898871514366956149861722335605179519390492412506

32224376740951137799644289812498002814605332913263369901173147697985961791796768124628784508193981015608996

52140136833140506511738967309272116786560666553690524005400046569500328747946629846964389687713371508021503

84364513574091644311383257121770119601165999466953893906573194267486290539743397971593174195907352523630500

13650465040723215082312222443104223638772666602064441791197324083698661928769002781855756388362072403165200

22086916398132379513450548155281235598889266548759831181854643510447290982743342579015073807952807655528250

35737381438855594595762770598385459237661933150824272973051967594145952911512345360870830196314880058693450

57824297836987974109213318753666694836551199699584104154906611104593243894255687939885904004267687714221701

93561679275843568704976089352052154074213132850408377127958578698739196805768033300756734200582567772915151

15138597711283154281418940810571884891076433254999248128286518980333244070002372124064263820485025548713685

24494765638867511151916549745777100298497746540040085841082376850207163750579175454139937240543282326005200

39633363350150665433335490556348985189574179795039333969368895830540407820581547578204201061028307874718885

64128128989018176585252040302126085488071926335079419810451272680747571571160723032344138301571590200724086

10376149233916884201858753085847507067764610613011875377982016851128797939174227061054833936259989807544297

16788962132818701860383957116060115616571803246519817359027144119203555096290299364289247766417148827616705

27165111366735586062242710201907622684336413859531692737009160970332353035464526425344081702677138635161003

43954073499554287922626667317967738300908217106051510096036305089535908131754825789633329469094287462777708

71119184866289873984869377519875360985244630965583202833045466059868261167219352214977411171771426097938711

11507325836584416190749604483784309928615284807163471292908177114940416929897417800461074064086571356071642

18619244323213403589236542235771846027139747903721791576212723720927243046619353021958815181263713965865513

30126570159797819779986146719556155955755032710885262869120900835867659976516770822419889245350285321937155

48745814483011223369222688955328001982894780614607054445333624556794903023136123844378704426613999287802668

78872384642809043149208835674884157938649813325492317314454525392662562999652894666798593671964284609739823

12761819912582026651843152463021215992154459394009937175978814994945746602278901851117729809857828389754249

20649058376862930966764036030509631786019440726559168907424267534212002902244191317797589177054256850728231

33410878289444957618607188493530847778173900120569106083403082529157749504523093168915318986912085240482480

54059936666307888585371224524040479564193340847128274990827350063369752406767284486712908163966342091210712

87470814955752846203978413017571327342367240967697381074230432592527501911290377655628227150878427331693193

14153075162206073478934963754161180690656058181482565606505778265589725431805766214234113531484476942290390

22900156657781358099332805055918313424892782278252303713928821524842475622934803979796936246572319675459709

37053231819987431578267768810079494115548840459734869320434599790432201054740570194031049778056796617750100

59953388477768789677600573865997807540441622737987173034363421315274676677675374173827986024629116293209810

97006620297756221255868342676077301655990463197722042354798021105706877732415944367859035802685912910959910

15696000877552501093346891654207510919643208593570921538916144242098155441009131854168702182731502920416972

25396662907328123218933725921815241085242254913343125774395946352668843214250726290954605763000094211512963

41092663784880624312280617576022752004885463506914047313312090594766998655259858145123307945731597131929935

66489326692208747531214343497837993090127718420257173087708036947435841869510584436077913708731691343442898

10758199047708937184349496107386074509501318192717122040102012754220284052477044258120122165446328847537283

17407131716929811937470930457169873818514090034742839348872816448963868239428102701727913536319497981881573

28165330764638749121820426564555948328015408227459961388974829203184152291905146959848035701765826829418856

45572462481568561059291357021725822146529498262202800737847645652148020531333249661575949238085324811300429

73737793246207310181111783586281770474544906489662762126822474855332172823238396621423984939851151640719286

11931025572777587124040314060800759262107440475186556286467012050748019335457164628299993417793647645201971

19304804897398318142151492419428936309561931124152832499149259536281236617781004290442391911778762809273900

31235830470175905266191806480229695571669371599339388785616271587029255953238168918742385329572410454475871

50540635367574223408343298899658631881231302723492221284765531123310492571019173209184777241351173263749772

81776465837750128674535105379888327452900674322831610070381802710339748524257342127927162570923583718225644

13231710120532435208287840427954695933413197704632383135514733383365024109527651533711193981227475698197541

21409356704307448075741350965943528678703265136915544142552913654398998961953385746503910238319834070020106

34641066824839883284029191393898224612116462841547927278067647037764023071481037280215104219547309768217647

56050423529147331359770542359841753290819727978463471420620560692163022033434423026719014457867143838237753

90691490353987214643799733753739977902936190820011398698688207729927045104915460306934118677414453606455401

14674191388313454600357027611358173119375591879847487011930876842209006713834988333365313313528159744469315

23743340423712176064737000986732170909669210961848626881799697615201711224326534364058725181269605105114855

38417531812025630665094028598090344029044802841696113893730574457410717938161522697424038494797764849584171

62160872235737806729831029584822514938714013803544740775530272072612429162488057061482763676067369954699026

10057840404776343739492505818291285896775881664524085466926084653002314710064957975890680217086513480428319

16273927628350124412475608776773537390647283044878559544479111860263557626313763682038956584693250475898222

26331768033126468151968114595064823287423164709402645011405196513265872336378721657929636801779763956326542

42605695661476592564443723371838360678070447754281204555884308373529429962692485339968593386473014432224764

68937463694603060716411837966903183965493612463683849567289504886795302299071206997898230188252778388551307

11154315935607965328085556133874154464356406021796505412317381326032473226176369233786682357472579282077607

18048062305068271399726739930564472860905767268164890369046331814712003456083489933576505376297857120932737

29202378240676236727812296064438627325262173289961395781363713140744476682259859167363187733770436403010345

47250440545744508127539035995003100186167940558126286150410044955456480138343349100939693110068293523943082

76452818786420744855351332059441727511430113848087681931773758096200956820603208268302880843838729926953428

12370325933216525298289036805444482769759805440621396808218380305165743695894655736924257395390702345089651

20015607811858599783824170011388655520902816825430165001395756114785839377954976563754545479774575337784993

32385933745075125082113206816833138290662622266051561809614136419951583073849632300678802875165277682874645

52401541556933724865937376828221793811565439091481726811009892534737422451804608864433348354939853020659638

84787475302008849948050583645054932102228061357533288620624028954689005525654241165112151230105130703534283

13718901685894257481398796047327672591379350044901501543163392148942642797745885002954549958504498372419392

22197649216095142476203854411833165801602156180654830405225795044411543350311309119465765081515011442772820

35916550901989399957602650459160838392981506225556331948389187193354186148057194122420315040019509815192212

58114200118084542433806504870994004194583662406211162353614982237765729498368503241886080121534521257965033

94030751020073942391409155330154842587565168631767494302004169431119915646425697364306395161554031073157246

15214495113815848482521566020114884678214883103797865665561915166888564514479420060619247528308855233112228

24617570215823242721662481553130368936971399966974615095762332110000556079121989797049887044464258340427952

39832065329639091204184047573245253615186283070772480761324247276889120593601409857669134572773113573540180

64449635545462333925846529126375622552157683037747095857086579386889676672723399654719021617237371913968133

10428170087510142513003057669962087616734396610851957661841082666377879726632480951238815619001048548750831

16873133642056375905587710582599649871950164914626667247549740605066847393904820916710717780724785740147644

27301303729566518418590768252561737488684561525478624909390823271444727120537301867949533399725834288898476

44174437371622894324178478835161387360634726440105292156940563876511574514442122784660251180450620029046120

71475741101189412742769247087723124849319287965583917066331387147956301634979424652609784580176454317944597

11565017847281230706694772592288451220995401440568920922327195102446787614942154743727003576062707434699071

18712591957400171980971697301060763705927330237127312628960333817242417778440097208987982034080352866493531

30277609804681402687666469893349214926922731677696233551287528919689205393382251952714985610143060301192603

48990201762081574668638167194409978632850061914823546180247862736931623171822349161702967644223413167686134

79267811566762977356304637087759193559772793592519779731535391656620828565204601114417953254366473468878738

12825801332884455202494280428216917219262285550734332591178325439355245173702695027612092089858988663656487

20752582489560752938124744136992836575239564909986310564331864605017328030223155139053887415295636010544361

33578383822445208140619024565209753794501850460720643155510190044372573203925850166665979505154624674200848

54330966312005961078743768702202590369741415370706953719842054649389901234149005305719866920450260684745209

87909350134451169219362793267412344164243265831427596875352244693762474438074855472385846425604885358946057

14224031644645713029810656196961493453398468120213455059519429934315237567222386077810571334605514604369126

23014966658090829951746935523702727869822794703356214747054654403691485011029871625049155977166003140263732

37238998302736542981557591720664221323221262823569669806574084338006722578252257702859727311771517744632859

60253964960827372933304527244366949193044057526925884553628738741698207589282129327908883288937520884896591

97492963263563915914862118965031170516265320350495554360202823079704930167534387030768610600709038629529451

15774692822439128884816664620939811970930937787742143891383156182140313775681651635867749388964655951442604

25523989148795520476302876517442929022557469822791699327403438490110806792435090338944610449035559814395549

41298681971234649361119541138382740993488407610533843218786594672251120568116741974812359838000215765838153

66822671120030169837422417655825670016045877433325542546190033162361927360551832313756970287035775580233703

10812135309126481919854195879420841100953428504385938576497662783461304792866857428856933012503599134607185

17494402421129498903596437645003408102558016247718492831116666099697497528922040660232630041207176692630555

28306537730255980823450633524424249203511444752104431407614328883158802321788898089089563053710775827237741

45800940151385479727047071169427657306069460999822924238730994982856299850710938749322193094917952519868297

74107477881641460550497704693851906509580905751927355646345323866015102172499836838411756148628728347106039

11990841803302694027754477586327956381565036675175027988507631884887140202321077558773394924354668086697433

19401589591466840082804248055713147032523127250367763553142164271488650419571061242614570539217540921408037

31392431394769534110558725642041103414088163925542791541649796156375790621892138801387965463572209008105471

50794020986236374193362973697754250446611291175910555094791960427864441041463200044002536002789749929513508

82186452381005908303921699339795353860699455101453346636441756584240231663355338845390501466361958937618980

13298047336724228249728467303754960430731074627736390173123371701210467270481853888939303746915170886713248

21516692574824819080120637237734495816801020137881724836767547359634490436817387773478353893551366780475146

34814739911549047329849104541489456247532094765618115009890919060844957707299241662417657640466537667188395

56331432486373866409969741779223952064333114903499839846658466420479448144116629435896011534017904447663542

91146172397922913739818846320713408311865209669117954856549385481324405851415871098313669174484442114851938

14747760488429678014978858809993736037619832457261779470320785190180385399553250053420968070850234656251548

23862377728221969388960743442065076868806353424173574955975723738312825984694837163252334988298678867736742

38610138216651647403939602252058812906426185881435354426296508928493211384248087216673303059148913523988290

62472515944873616792900345694123889775232539305608929382272232666806037368942924379925638047447592391725032

10108265416152526419683994794618270268165872518704428380856874159529924875319101159659894110659650591571332

16355517010639888098974029364030659245689126449265321319084097426210528612213393597652457915404409830743835

26463782426792414518658024158648929513854998967969749699940971585740453487532494757312352026064060422315167

42819299437432302617632053522679588759544125417235071019025069011950982099745888354964809941468470253059003

69283081864224717136290077681328518273399124385204820718966040597691435587278383112277161967532530675374170

11210238130165701975392213120400810703294324980243989173799110960964241768702427146724197190900100092843317

18138546316588173689021220888533662530634237418764471245695715020733385327430265457951913387653353160380734

29348784446753875664413434008934473233928562399008460419494825981697627096132692604676110578553453253224051

47487330763342049353434654897468135764562799817772931665190541002431012423562958062628023966206806413604786

76836115210095925017848088906402608998491362216781392084685366984128639519695650667304134544760259666828838

12432344597343797437128274380387074476305416203455432374987590798655965194325860872993215851096706608043362

20115956118353389938913083271027335376154552425133571583456127497068829146295425939723629305572732574726246

32548300715697187376041357651414409852459968628589003958443718295724794340621286812716845156669439182769608

52664256834050577314954440922441745228614521053722575541899845792793623486916712752440474462242171757495855

85212557549747764690995798573856155081074489682311579500343564088518417827537999565157319618911610940265463

13787681438379834200595023949629790030968901073603415504224340988131204131445471231759779408115378269776131

22308937193354610669694603807015405539076350041834573454258697396983045914199271188275511370006539363802678

36096618631734444870289627756645195570045251115437988958483038385114250045644742420035290778121917633578810

58405555825089055539984231563660601109121601157272562412741735782097295959844013608310802148128456997381488

94502174456823500410273859320305796679166852272710551371224774167211546005488756028346092926250374630960298

15290773028191255595025809088396639778828845342998311378396650994930884196533276963665689507437883162834178

24740990473873605636053195020427219446745530570269366515519128411652038797082152566500298800062920625930208

40031763502064861231079004108823859225574375913267677893915779406582922993615429530165988307500803788764387

64772753975938466867132199129251078672319906483537044409434907818234961790697582096666287107563724414694595

10480451747800332809821120323807493789789428239680472230335068722481788478431301162683227541506452820345898

16957727145394179496534340236732601657021418888034176671278559504305284657501059372349856252262825261815357

27438178893194512306355460560540095446810847127714648901613628226787073135932360535033083793769278082161256

44395906038588691802889800797272697103832266015748825572892187731092357793433419907382940046032103343976614

71834084931783204109245261357812792550643113143463474474505815957879430929365780442416023839801381426137870

11622999097037189591213506215508548965447537915921230004739800368897178872279920034979896388583348477011448

18806407590215510002138032351289828220511849230267577452190381964685121965216498079221498772563486619625235

30429406687252699593351538566798377185959387146188807456930182333582300837496418114201395161146835096636683

49235814277468209595489570918088205406471236376456384909120564298267422802712916193422893933710321716261919

79665220964720909188841109484886582592430623522645192366050746631849723640209334307624289094857156812898603

12890103524218911878433068040297478799890185989910157727517131093011714644292225050104718302856747852916052

20856625620691002797317178988786137059133248342174676964122205756196687008313158480867147212342463534205912

33746729144909914675750247029083615859023434332084834691639336849208401652605383530971865515199211387121964

54603354765600917473067426017869752918156682674259511655761542605405088660918542011839012727541674921327877

88350083910510832148817673046953368777180117006344346347400879454613490313523925542810878242740886308449842

14295343867611174962188509906482312169533679968060385800316242206001857897444246755464989097028256122977771

23130352258662258177070277211177649047251691668694820435056330151463206928796639309746076921302344753822756

37425696126273433139258787117659961216785371636755206235372572357465064826240886065211066018330600876800528

60556048384935691316329064328837610264037063305450026670428902508928271755037525374957142939632945630623284

97981744511209124455587851446497571480822434942205232905801474866393336581278411440168208957963546507423812

15853779289614481577191691577533518174485949824765525957623037737532160833631593681512535189759649213804709

25651953740735394022750476722183275322568193318986049248203185224171494491759434825529356085556003864547090

41505733030349875599942168299716793497054143143751575205826222961703655325391028507041891275315653078351800

67157686771085269622692645021900068819622336462737624454029408185875149817150463332571247360871656942898891

10866341980143514522263481332161686231667647960648919965985563114757880514254149183961313863618731002125069

17582110657252041484532745834351693113629881606922682411388503933345395495969195517218438599705896696414958

28448452637395556006796227166513379345297529567571602377374067048103276010223344701179752463324627698540027

46030563294647597491328973000865072458927411174494284788762570981448671506192540218398191063030524394954985

74479015932043153498125200167378451804224940742065887166136638029551947516415884919577943526355152093495013

12050957922669075098945417316824352426315235191656017195489920901100061902260842513797613458938567648844999

19498859515873390448757937333562197606737729265862605912103584704055256653902431005755407811574082858194501

31549817438542465547703354650386550033052964457518623107593505605155318556163273519553021270512650507039501

51048676954415855996461291983948747639790693723381229019697090309210575210065704525308429082086733365234002

82598494392958321544164646634335297672843658180899852127290595914365893766228978044861450352599383872273503

13364717134737417754062593861828404531263435190428108114698768622357646897629468257016987943468611723750750

21624566574033249908479058525261934298547801008518093327427828213794236274252366061503132978728550110978101

34989283708770667662541652387090338829811236198946201442126596836151883171881834318520120922197161834728851

56613850282803917571020710912352273128359037207464294769554425049946119446134200380023253900925711945706952

91603133991574585233562363299442611958170273406410496211681021886098002618016034698543374823122873780435804

14821698427437850280458307421179488508652931061387479098123544693604412206415023507856662872404858572614275

23982011826595308803814543751123749704469958402028528719291646882214212468216626977711000354717145950657856

38803710254033159084272851172303238213122889463416007817415191575818624674631650485567663227122004523272131

62785722080628467888087394923426987917592847865444536536706838458032837142848277463278663581839150473929988

10158943233466162697236024609573022613071573732886054435412203003385146181747992794884632680896115499720211

16437515441529009486044764101915721404830858519430508089082886849188429896032820541212499039080030547113210

26596458674995172183280788711488744017902432252316562524495089852573576077780813336097131719976146046833422

43033974116524181669325552813404465422733290771747070613577976701762005973813633877309630759056176593946633

69630432791519353852606341524893209440635723024063633138073066554335582051594447213406762479032322640780056

11266440690804353552193189433829767486336901379581070375165104325609758802540808109071639323808849923472668

18229483969956288937453823586319088430400473681987433688972410981043317007700252830412315571712082187550674

29495924660760642489647013020148855916737375061568504064137515306653075810241060939483954895520932111023343

47725408630716931427100836606467944347137848743555937753109926287696392817941313769896270467233014298574018

77221333291477573916747849626616800263875223805124441817247441594349468628182374709380225362753946409597361

12494674192219450534384868623308474461101307254868037957035736788204586144612368847927649582998696070817138

20216807521367207926059653585970154487488829635380482138760480947639533007430606318865672119274090711776874

32711481713586658460444522209278628948590136890248520095796217735844119152042975166793321702272786782594012

52928289234953866386504175795248783436078966525629002234556698683483652159473581485658993821546877494370886

85639770948540524846948698004527412384669103415877522330352916419327771311516556652452315523819664276964898

13856806018349439123345287379977619582074806994150652456490961510281142347099013813811130934536654177133578

22420783113203491608040157180430360820541717335738404689526253152213919478250669479056362486918620604830068

36277589131552930731385444560407980402616524329889057146017214662495061825349683292867493421455274781963646

58698372244756422339425601740838341223158241665627461835543467814708981303600352771923855908373895386793715

94975961376309353070811046301246321625774765995516518981560682477204043128950036064791349329829170168757362

15367433362106577541023664804208466284893300766114398081710415029191302443255038883671520523820306555555107

24865029499737512848104769434333098447470777365666049979866483276911706756150042490150655456803223572430843

40232462861844090389128434238541564732364078131780448061576898306103009199405081373822175980623530127985951

65097492361581603237233203672874663179834855497446498041443381583014715955555123863972831437426753700416795

10532995522342569362636163791141622791219893362922694610302027988911772515496020523779500741805028382840274

17042744758500729686359484158429089109203378912667344414446366147213244111051532910176783885547703752881954

27575740280843299048995647949570711900423272275590039024748394136125016626547553433956284627352732135722229

44618485039344028735355132107999801009626651188257383439194760283338260737599086344133068512900435888604183

72194225320187327784350780057570512910049923463847422463943154419463277364146639778089353140253168024326412

11681271035953135651970591216557031391967657465210480590313791470280153810174572612222242165315360391293059

18900693567971868430405669222314082682972649811595222836708106912226481546589236590031177479340677193725700

30581964603925004082376260438871114074940307276805703427021898382506635356763809202253419644656037585018760

49482658171896872512781929661185196757912957088400926263730005294733116903353045792284597123996714778744461

80064622775821876595158190100056310832853264365206629690751903677239752260116854994538016768652752363763221

12954728094771874910794011976124150759076622145360755595448190897197286916346990078682261389264946714250768

20961190372354062570309830986129781842361948581881418564523381264921262142358675578136063066130221950627090

33915918467125937481103842962253932601438570727242174159971572162118549058705665656818324455395168664877858

54877108839480000051413673948383714443800519309123592724494953427039811201064341234954387521525390615504949

88793027306605937532517516910637647045239090036365766884466525589158360259770006891772711976920559280382807

14367013614608593758393119085902136148903960934548935960896147901619817146083434812672709949844594989588775

23246316345269187511644870776965900853427869938185512649342800460535653172060435501849981147536650917627056

37613329959877781270037989862868037002331830872734448610238948362155470318143870314522691097381245907215832

60859646305146968781682860639833937855759700810919961259581748822691123490204305816372672244917896824842888

98472976265024750051720850502701974858091531683654409869820697184846593808348176130895363342299142732058720

15933262257017171883340371114253591271385123249457437112940244600753771729855248194726803558721703955690160

25780559883519646888512456164523788757194276417822878099922314319238431110690065807816339892951618228896033

41713822140536818771852827278777380028579399667280315212862558919992202840545314002543143451673322184586193

67494382024056465660365283443301168785773676085103193312784873239230633951235379810359483344624940413482226

10920820416459328443221811072207854881435307575238350852564743215922283679178069381290262679629826259806842

17670258618864975009258339416537971760012675183748670183843230539845347074301607362326211014092320301155064

28591079035324303452480150488745826641447982758987021036407973755767630753479676743616473693722146560961906

46261337654189278461738489905283798401460657942735691220251204295612977827781284105942684707814466862116971

74852416689513581914218640394029625042908640701722712256659178051380608581260960849559158401536613423078878

12111375434370286037595713029931342344436929864445840347691038234699358640904224495550184310935108028519585

19596617103321644229017577069334304848727793934618111573356956039837419499030320580506100151088769370827472

31707992537691930266613290099265647193164723799063951921047994274536778139934545076056284462023877399347057

51304609641013574495630867168599952041892517733682063494404950314374197638964865656562384613112646770174530

83012602178705504762244157267865599235057241532746015415452944588910975778899410732618669075136524169521588

13431721181971907925787502443646555127694975926642807890985789490328517341786427638918105368824917093969611

21732981399842458402011918170433115051200700079917409432531083949219614919676368712179972276338569510921770

35164702581814366327799420614079670178895676006560217323516873439548132261462796351098077645163486604891382

56897683981656824729811338784512785230096376086477626756047957388767747181139165063278049921502056115813153

92062386563471191057610759398592455408992052093037844079564830828315879442601961414376127566665542720704536

14896007054512801578742209818310524063908842817951547083561278821708362662374112647765417748816759883651768

24102245710859920684503285758169769604808048027255331491517761904539950606634308789203030505483314155722222

38998252765372722263245495576480293668716890845206878575079040726248313269008421436968448254300074039373991

63100498476232642947748781334650063273524938872462210066596802630788263875642730226171478759783388195096214

10209875124160536521099427691113035694224182971766908864167584335703657714465115166313992701408346223447020

16519924971783800815874305824578042021576676859013129870827264598782484102029388188931140577386685042956642

26729800095944337336973733515691077715800859830780038734994848934486141816494503355245133278795031266403662

43249725067728138152848039340269119737377536689793168605822113533268625918523891544176273856181716309360304

69979525163672475489821772855960197453178396520573207340816962467754767735018394899421407134976747575763967

11322925023140061364266981219622931719055593321036637594663907600102339365354228644359768099115846388512427

18320877539507308913249158505218951464373432973093958328745603846877816138856068134301908812613521146088823

29643802562647370277516139724841883183429026294130595923409511446980155504210296778661676911729367534601251

47964680102154679190765298230060834647802459267224554252155115293857971643066364912963585724342888680690074

77608482664802049468281437954902717831231485561355150175564626740838127147276661691625262636072256215291326

12557316276695672865904673618496355247903394482857970442771974203469609879034302660458884836041514489598140

20318164543175877812732817413986627031026543038993485460328436877553422593761968829621411099648740111127272

32875480819871550678637491032482982278929937521851455903100411081023032472796271490080295935690254600725412

53193645363047428491370308446469609309956480560844941363428847958576455066558240319701707035338994711852685

86069126182918979170007799478952591588886418082696397266529259039599487539354511809782002971029249312578098

13926277154596640766137810792542220089884289864354133862995810699817594260591275212948371000636824402443078

22533189772888538683138590740437479248772931672623773589648736603777543014526726393926571297739749333700888

36459466927485179449276401532979699338657221536977907452644547303595137275118001606874942298376573736143966

58992656700373718132414992273417178587430153209601681042293283907372680289644728000801513596116323069844854

95452123627858897581691393806396877926087374746579588494937831210967817564762729607676455894492896805988821

15444478032823261571410638607981405651351752795618126953723111511834049785440745760847796949060921987583367

24989690395609151329579777988621093443960490270276085803216894632930831541917018721615442538510211668182249

40434168428432412900990416596602499095312243065894212756940006144764881327357764482463239487571133655765617

65423858824041564230570194585223592539272733336170298560156900777695712869274783204078682026081345323947867

10585802725247397713156061118182609163458497640206451131709690692246059419663254768654192151365247897971348

17128188607651554136213080576704968417385770973823480987725380770015630706590733089062060353973382430366135

27713991332898951849369141694887577580844268614029932119435071462261690126253987857716252505338630328337483

44842179940550505985582222271592545998230039587853413107160452232277320832844720946778312859312012758703618

72556171273449457834951363966480123579074308201883345226595523694539010959098708804494565364650643087041102

11739835121399996382053358623807266957730434778973675833375597592681633179194342975127287822396265584574472

18995452248744942165548495020455279315637865599162010356035149962135534275104213855576744358861329893278582

30735287370144938547601853644262546273368300378135686189410747554817167454298556830704032181257595477853054

49730739618889880713150348664717825589006165977297696545445897516952701729402770686280776540118925371131636

80466026989034819260752202308980371862374466355433382734856645071769869183701327516984808721376520848984691

13019676660792469997390255097369819745138063233273107928030254258872257091310409820326558526149544622011632

21066279359695951923465475328267856931375509868816446201515918766049244009680542572025039398287196706910101

34085956020488421920855730425637676676513573102089554129546173024921501100990952392351597924436741328921734

55152235380184373844321205753905533607889082970906000331062091790970745110671494964376637322723938035831836

89238191400672795765176936179543210284402656072995554460608264815892246211662447356728235247160679364753571

14439042678085716960949814193344874389229173904390155479167035660686299132233394232110487256988461740058540

23362861818152996537467507811299195417669439511689710925227862142275523753399638967783310781704529676533897

37801904496238713498417322004644069806898613416079866404394897802961822885633033199893798038692991416592438

61164766314391710035884829815943265224568052927769577329622759945237346639032672167677108820397521093126336

98966670810630423534302151820587335031466666343849443734017657748199169524665705367570906859090512509718775

16013143712502213357018698163653060025603471927161902106364041769343651616369837753524801567948803360284511

25909810793565255710448913345711793528750138561546846479765807544163568568836408290281892253857854611256388

41922954506067469067467611509364853554353610488708748586129849313507220185206246043806693821806657971540900

67832765299632724777916524855076647083103749050255595065895656857670788754042654334088586075664512582797288

10975571980570019384538413636444150063745735953896434365202550617117800893924890037789527989747117055433818

17758848510533291862330066121951814772056110858921993871792116302884879769329155471198386597313568313713547

28734420491103311246868479758395964835801846812818428236994666920002680663254045508987914587060685369147366

46493269001636603109198545880347779607857957671740422108786783222887560432583200980186301184374253682860914

75227689492739914356067025638743744443659804484558850345781450142890241095837246489174215771434939052008281

12172095849437651746526557151909152405151776215629927245456823336577780152842044746936051695580919273486919

19694864798711643182133259715783526849517756664085812280034968350866804262425769395853473272724413178687747

31866960648149294928659816867692679254669532879715739525491791687444584415267814142789524968305332452174667

51561825446860938110793076583476206104187289543801551805526760038311388677693583538642998241029745630862414

83428786095010233039452893451168885358856822423517291331018551725755973092961397681432523209335078083037082

13499061154187117115024597003464509146304411196731884313654531176406736177065498122007552145036482371389949

21841939763688140418969886348581397682190093439083613446756386348982333486361637890150804465969990179693657

35341000917875257533994483352045906828494504635815497760410917525389069663427136012158356611006472551083607

57182940681563397952964369700627304510684598074899111207167303874371403149788773902309161076976462730777265

92523941599438655486958853052673211339179102710714608967578221399760472813215909914467517687982935281860873

14970688228100205343992322275330051584986370078561372017474552527413187596300468381677667876495939801263813

24223082388044070892688207580597372718904280349632832914232374667389234877622059373124419645294233329449901

39193770616144276236680529855927424303890650428194204931706927194802422473922527754802087521790173130713715

63416853004188347129368737436524797022794930777827037845939301862191657351544587127926507167084406460163616

10261062362033262336604926729245222132668558120602124277764622905699407982546711488272859468887457959087733

16602747662452097049541800472897701834948051198384828062358553091918573717701170201065510185595898605104094

26863810024485359386146727202142923967616609318986952340123175997617981700247881689338369654483356564191827

4346655768693745643568852767504062580256466051737178040248172908953655541794905189040387984007925516929592

7033036771142281582183525487718354977018126983635873274260490508715453711819693357974224949456261173348775

